intrinsic_matrix: [537, 0.0, 476.30553261, 0 , 532.9, 272.7, 0.0, 0.0, 1.0]
distortion: [-0.08050122007374724, 0.06195116455291804, -9.05187506022231e-05, 0.0023246746346194213, 0.0]